====== The Number of Node  ========
10

====== Connectivity ========

 0 0 0 0 0 0 0 0 0 1
 0 0 0 1 1 1 1 0 0 1
 0 0 0 1 0 0 0 1 1 0
 0 1 1 0 1 0 0 0 0 0
 0 1 0 1 0 0 0 0 1 1
 0 1 0 0 0 0 0 0 0 0
 0 1 0 0 0 0 0 0 0 0
 0 0 1 0 0 0 0 0 0 0
 0 0 1 0 1 0 0 0 0 0
 1 1 0 0 1 0 0 0 0 0

====== Bandwidth ========

   0   0   0   0   0   0   0   0   0  66
   0   0   0  92  16  49  13   0   0  18
   0   0   0  67   0   0   0  75  30   0
   0  92  67   0  49   0   0   0   0   0
   0  16   0  49   0   0   0   0  13  94
   0  49   0   0   0   0   0   0   0   0
   0  13   0   0   0   0   0   0   0   0
   0   0  75   0   0   0   0   0   0   0
   0   0  30   0  13   0   0   0   0   0
  66  18   0   0  94   0   0   0   0   0

====== Cost ========

   0   0   0   0   0   0   0   0   0   9
   0   0   0   1   2   4   4   0   0   6
   0   0   0   4   0   0   0   2   6   0
   0   1   4   0   1   0   0   0   0   0
   0   2   0   1   0   0   0   0   9   9
   0   4   0   0   0   0   0   0   0   0
   0   4   0   0   0   0   0   0   0   0
   0   0   2   0   0   0   0   0   0   0
   0   0   6   0   9   0   0   0   0   0
   9   6   0   0   9   0   0   0   0   0

====== Delay ========

 0.000 0.000 0.000 0.000 0.000 0.000 0.000 0.000 0.000 0.062
 0.000 0.000 0.000 0.095 0.029 0.086 0.098 0.000 0.000 0.085
 0.000 0.000 0.000 0.012 0.000 0.000 0.000 0.036 0.018 0.000
 0.000 0.095 0.012 0.000 0.085 0.000 0.000 0.000 0.000 0.000
 0.000 0.029 0.000 0.085 0.000 0.000 0.000 0.000 0.052 0.034
 0.000 0.086 0.000 0.000 0.000 0.000 0.000 0.000 0.000 0.000
 0.000 0.098 0.000 0.000 0.000 0.000 0.000 0.000 0.000 0.000
 0.000 0.000 0.036 0.000 0.000 0.000 0.000 0.000 0.000 0.000
 0.000 0.000 0.018 0.000 0.052 0.000 0.000 0.000 0.000 0.000
 0.062 0.085 0.000 0.000 0.034 0.000 0.000 0.000 0.000 0.000

====== Lost ========

 0.000 0.000 0.000 0.000 0.000 0.000 0.000 0.000 0.000 0.018
 0.000 0.000 0.000 0.091 0.053 0.030 0.031 0.000 0.000 0.071
 0.000 0.000 0.000 0.011 0.000 0.000 0.000 0.090 0.043 0.000
 0.000 0.091 0.011 0.000 0.025 0.000 0.000 0.000 0.000 0.000
 0.000 0.053 0.000 0.025 0.000 0.000 0.000 0.000 0.053 0.014
 0.000 0.030 0.000 0.000 0.000 0.000 0.000 0.000 0.000 0.000
 0.000 0.031 0.000 0.000 0.000 0.000 0.000 0.000 0.000 0.000
 0.000 0.000 0.090 0.000 0.000 0.000 0.000 0.000 0.000 0.000
 0.000 0.000 0.043 0.000 0.053 0.000 0.000 0.000 0.000 0.000
 0.018 0.071 0.000 0.000 0.014 0.000 0.000 0.000 0.000 0.000
